BONUS-Multiple size <= 100
TEST 1 ARG:13 67 11 25 7 81 58 57 94 17 71 56 77 72 64 89 62 19 66 29 20 76 35 74 32 90 44 54 33 61 93 49 99 8 43 6 37 24 48 39 65 55 41 51 87 45 78 18 96 50 28 75 12 70 63 85 95 82 16 15 30 23 91 97 0 5 22 2 59 52 46 80 34 14 88 36 42 86 10 4 60 69 38 9 53 1 47 73 3 26 83 84 68 40 92 79 27 21 31 98 
TEST 2 ARG:39 4 65 77 15 55 14 44 89 54 74 30 72 53 35 24 9 81 96 75 22 99 21 37 76 19 32 11 69 80 2 10 13 82 58 61 41 93 31 56 25 86 78 12 27 92 73 71 42 20 64 8 33 1 90 62 40 26 83 47 6 51 91 49 59 85 23 29 88 28 70 60 34 97 43 79 18 52 68 3 16 98 45 0 46 94 17 84 50 66 5 7 36 67 95 57 38 63 48 87 
TEST 3 ARG:1 64 53 8 18 28 61 51 99 43 45 13 33 15 22 12 87 5 56 86 2 60 26 14 98 62 88 68 78 9 97 70 66 10 82 4 89 63 32 20 57 54 90 3 96 71 29 49 47 84 19 17 23 77 42 39 58 48 94 41 36 65 21 44 69 80 95 35 72 11 93 38 85 55 34 24 74 73 81 50 91 25 37 30 7 40 75 52 0 6 16 79 76 27 59 67 92 83 31 46 
TEST 4 ARG:98 84 39 2 81 56 34 70 72 14 97 71 7 69 13 32 5 52 3 80 8 59 41 86 57 50 0 75 62 42 68 85 45 53 82 61 54 88 10 19 18 63 51 79 12 38 66 83 99 73 49 74 20 78 91 33 90 87 46 96 11 47 24 6 92 40 58 36 76 9 23 25 89 65 17 27 29 35 1 22 48 64 31 37 26 28 15 94 30 77 4 67 16 21 43 60 93 55 95 44 
TEST 5 ARG:80 85 96 40 22 58 14 70 86 13 56 3 0 12 66 16 32 39 78 37 65 64 60 75 68 46 82 74 10 18 9 71 62 55 53 43 94 2 44 93 84 59 28 42 8 5 30 72 19 1 36 7 4 33 26 31 11 95 79 21 49 25 99 81 34 91 97 61 87 27 45 67 50 76 92 83 54 35 63 89 69 73 17 6 41 88 24 90 48 98 23 57 52 20 38 77 47 29 15 51 
TEST 8 ARG:52 21 5 90 61 29 48 23 22 69 42 78 73 47 62 33 12 59 92 28 58 44 14 81 63 91 67 54 13 15 84 51 41 65 71 46 27 3 31 98 83 75 95 94 36 7 50 57 32 1 68 66 35 25 55 16 8 85 53 17 96 45 72 30 11 40 26 24 99 38 89 9 88 39 77 43 34 76 64 87 82 60 56 70 80 2 74 0 10 20 18 86 79 6 93 37 49 4 97 19 
TEST 9 ARG:55 28 26 58 56 5 46 66 54 80 74 71 3 31 11 82 62 50 13 85 77 86 8 73 93 78 98 81 43 49 24 9 23 6 89 27 45 7 16 67 99 17 21 51 25 95 47 87 83 37 29 12 59 52 10 64 42 0 60 97 15 76 84 20 41 90 39 96 36 88 38 53 2 22 75 48 65 40 68 92 44 32 91 57 79 69 19 34 35 72 1 33 30 4 14 70 94 63 61 18 
TEST 10 ARG:65 82 87 19 84 5 47 39 9 64 55 36 34 99 66 79 77 59 29 63 43 40 56 20 53 37 15 60 98 14 32 73 33 26 93 3 24 96 97 7 16 17 76 80 81 31 67 85 52 92 48 1 57 54 78 12 72 28 42 58 18 4 44 83 2 94 6 46 23 49 41 10 38 61 45 68 11 30 62 74 71 88 27 69 89 95 0 86 50 90 70 51 91 75 8 22 35 25 21 13 
TEST 11 ARG:25 22 66 21 9 6 99 19 28 87 67 55 4 65 30 14 90 86 88 38 24 74 40 42 17 33 32 71 49 8 56 29 84 78 98 12 31 58 0 36 10 27 3 37 69 47 70 45 82 75 81 93 64 77 7 15 96 94 59 35 26 92 91 23 79 44 48 11 46 68 52 41 89 54 34 76 83 50 97 57 5 80 43 2 53 60 72 39 18 62 73 16 95 85 63 13 20 1 51 61 
TEST 14 ARG:90 98 32 92 16 70 94 13 27 43 66 72 15 17 4 83 21 51 88 54 99 79 12 2 50 14 37 87 23 44 47 7 77 26 84 82 71 95 74 24 69 38 20 9 28 40 96 73 36 64 49 11 67 39 35 42 52 53 22 0 10 18 25 45 63 68 55 89 56 81 30 5 57 34 61 86 46 65 78 19 48 33 41 58 62 75 76 85 31 97 6 1 93 8 29 60 80 91 3 59 
TEST 15 ARG:25 61 84 56 4 98 47 97 60 68 2 63 26 34 95 14 18 77 89 23 42 88 38 80 28 62 82 35 44 76 70 64 94 73 79 71 57 33 81 30 3 5 90 6 52 7 58 50 22 74 75 93 51 87 72 43 96 69 36 92 32 8 20 59 19 21 27 99 29 66 39 9 86 31 41 91 55 37 13 15 11 40 12 46 0 48 24 67 54 53 45 78 49 16 83 65 17 10 1 85 
TEST 16 ARG:35 36 98 58 52 18 47 10 30 62 44 1 32 38 23 64 43 19 20 50 83 88 56 65 0 9 60 2 4 81 69 84 94 93 24 17 59 96 68 87 12 3 66 70 27 42 97 11 73 75 49 82 99 76 46 86 41 7 22 37 55 28 51 89 21 48 72 6 67 90 33 78 15 53 92 16 79 26 5 85 57 25 34 14 29 61 63 8 80 39 91 74 54 31 13 95 77 40 45 71 
TEST 19 ARG:3 32 12 91 34 2 83 63 21 97 5 46 20 72 74 50 70 16 68 49 86 51 77 39 6 8 29 57 36 31 23 94 82 80 40 24 11 69 75 38 65 78 44 59 4 66 92 30 61 60 98 35 28 27 10 87 0 62 1 88 42 93 73 95 67 47 9 90 19 79 99 26 43 71 64 56 13 7 22 17 18 33 48 41 54 14 76 84 25 81 45 89 96 85 15 58 55 53 37 52 
TEST 20 ARG:57 9 22 39 42 48 78 81 61 77 26 19 44 52 96 87 70 27 29 58 24 18 50 65 41 28 92 94 2 1 82 79 14 97 32 0 75 71 7 17 76 69 84 47 3 63 89 46 45 21 49 15 90 62 20 40 25 30 59 34 72 93 60 98 99 33 80 5 35 56 4 43 12 16 8 10 54 31 55 91 53 38 86 36 37 74 13 68 66 6 88 51 23 95 83 85 64 11 67 73 
TEST 21 ARG:61 65 81 39 54 10 16 0 38 44 9 92 4 68 58 1 48 37 80 82 33 27 23 60 94 99 74 87 32 21 42 62 3 24 5 15 47 71 31 40 8 18 63 49 69 75 59 30 26 78 52 89 70 13 93 41 45 50 7 25 91 86 12 2 64 72 79 90 67 98 76 95 66 36 28 29 57 55 53 51 46 34 84 17 19 77 43 88 97 6 14 85 20 73 56 35 22 83 11 96 
TEST 22 ARG:72 54 85 37 43 76 74 42 22 17 41 35 23 97 55 12 9 56 45 18 8 49 6 59 96 30 34 64 29 77 28 33 21 95 44 47 53 32 86 25 52 80 16 15 13 65 78 7 88 75 20 19 4 51 92 58 70 83 81 24 2 26 63 31 39 57 87 5 99 69 27 11 98 73 38 10 66 48 71 91 60 89 50 62 90 94 3 40 61 84 82 1 79 36 68 93 14 0 67 46 
TEST 25 ARG:2 40 90 71 63 88 0 68 56 17 74 11 61 78 53 27 59 96 49 95 66 94 42 70 29 31 36 9 5 77 41 15 7 23 93 8 72 86 6 14 39 50 33 81 84 89 82 21 30 35 67 91 25 28 19 20 83 48 52 57 58 10 73 16 1 38 4 87 18 34 46 79 65 54 32 76 3 69 45 44 26 60 51 99 92 22 64 75 43 13 97 37 98 80 62 85 12 24 47 55 
TEST 26 ARG:25 64 12 81 71 67 82 88 18 0 11 29 70 62 94 50 68 65 61 8 98 51 86 76 44 73 30 92 26 69 56 43 19 13 9 91 57 60 34 93 54 77 59 47 49 39 27 63 32 78 2 58 75 72 83 42 22 79 7 48 28 38 90 15 85 99 14 3 74 21 35 45 31 1 36 89 84 24 5 17 23 97 37 95 6 20 96 40 46 41 87 53 66 4 16 80 33 55 10 52 
TEST 28 ARG:8 54 30 36 34 14 17 6 52 29 81 56 2 37 89 65 93 7 72 67 31 71 15 79 42 40 74 47 84 88 55 98 95 18 5 96 25 92 44 59 64 21 12 0 91 22 26 1 16 83 82 24 32 97 51 13 48 49 23 70 76 60 41 78 61 45 3 86 9 27 43 35 73 66 68 39 94 77 53 11 85 28 90 50 87 38 80 4 63 58 10 69 75 33 19 57 46 20 62 99 
TEST 29 ARG:97 45 27 13 48 6 62 66 14 52 79 69 29 87 86 84 63 59 15 99 37 8 47 93 34 61 60 17 38 54 31 71 67 41 57 89 35 5 44 74 90 4 1 49 23 40 77 80 0 53 16 91 72 65 78 92 82 11 50 70 73 81 43 36 26 76 21 96 28 7 12 98 94 51 19 32 39 18 88 25 2 30 95 75 64 9 68 83 56 85 10 20 24 55 42 33 3 46 58 22 
TEST 30 ARG:60 43 27 96 9 65 31 52 90 53 13 75 95 17 1 11 86 83 35 81 73 71 8 91 20 78 47 77 5 19 66 33 89 7 41 76 92 0 22 49 68 12 15 79 3 93 16 61 45 10 80 30 48 24 74 18 84 4 82 99 88 94 42 69 40 54 62 58 25 6 72 51 63 56 36 23 46 70 26 59 38 64 32 28 67 37 55 50 87 34 98 39 97 57 85 21 2 44 14 29 
TEST 32 ARG:49 1 56 97 37 45 27 87 80 84 51 38 68 15 3 76 31 50 17 62 21 26 63 20 55 95 69 75 52 48 44 9 58 86 8 33 2 22 42 98 79 36 61 83 19 71 70 18 4 96 28 90 39 74 35 89 12 25 92 6 85 88 93 30 7 47 91 64 81 40 65 73 32 16 77 46 0 67 14 66 43 11 29 72 5 59 57 99 53 54 78 13 10 94 24 34 41 23 82 60 
TEST 33 ARG:64 82 16 52 66 23 61 0 73 77 9 75 63 15 92 19 2 86 32 51 57 72 38 56 36 59 1 17 65 42 90 29 46 39 93 31 58 69 12 79 26 74 13 98 45 50 24 85 5 8 53 41 3 18 49 54 33 4 7 96 81 25 78 21 40 89 60 37 34 20 91 10 84 67 97 43 6 95 44 94 14 88 70 76 11 22 28 48 80 62 55 83 35 30 71 47 68 87 27 99 
TEST 34 ARG:74 8 30 28 91 67 56 13 19 2 29 10 4 44 31 66 68 17 42 3 55 7 63 83 9 99 62 64 35 54 33 41 89 22 86 18 14 96 85 48 1 6 76 16 69 59 60 37 79 57 97 49 45 95 26 82 50 27 36 15 53 58 40 93 34 78 32 43 92 23 11 77 0 51 61 21 94 80 38 73 47 87 25 24 98 46 5 12 20 88 72 70 84 81 65 52 90 39 71 75 
TEST 36 ARG:75 93 19 87 79 38 65 17 11 72 99 34 61 3 6 25 13 45 63 18 32 23 50 44 91 43 57 73 64 1 51 0 9 42 84 94 26 52 85 5 22 96 2 40 70 80 86 95 53 56 59 69 90 74 48 58 4 71 77 8 55 33 41 68 82 88 89 12 66 98 78 21 30 83 60 39 16 46 36 81 35 31 14 24 49 47 10 7 92 15 54 67 29 97 27 20 28 62 37 76 
TEST 37 ARG:34 12 78 22 59 80 33 3 86 52 77 20 88 29 46 6 31 87 79 68 84 57 71 10 16 55 43 96 82 70 1 15 94 73 61 65 58 17 74 8 63 50 53 5 11 67 23 90 18 42 41 40 47 21 19 83 62 44 38 24 48 7 4 89 36 30 72 37 54 95 92 9 93 85 51 25 27 76 81 2 66 99 56 39 64 14 32 60 98 69 26 28 49 35 0 13 91 45 97 75 
TEST 38 ARG:86 66 56 22 65 97 23 35 71 27 7 47 9 16 26 44 39 55 15 87 38 1 49 59 75 99 12 25 17 18 40 34 45 2 88 5 33 31 32 84 81 90 11 74 43 19 80 28 0 72 68 61 70 62 93 83 24 3 82 76 50 79 13 46 21 69 30 53 77 64 52 60 85 8 67 73 4 37 6 58 20 14 96 48 92 10 78 54 57 51 91 63 95 98 29 89 41 36 94 42 
TEST 39 ARG:69 96 73 8 33 82 74 59 30 56 15 86 40 3 97 52 0 76 18 66 91 36 72 49 35 48 87 20 11 21 90 99 31 39 26 2 51 55 34 5 64 37 13 95 75 38 60 93 94 22 12 84 47 79 44 6 62 1 19 54 28 14 71 83 25 58 27 10 50 16 42 98 61 4 53 57 68 45 77 88 32 63 85 67 7 80 24 43 70 29 78 92 23 81 41 46 89 65 9 17 
TEST 40 ARG:14 3 44 58 70 1 74 80 15 56 64 68 41 10 57 52 51 72 38 18 54 65 63 8 98 11 99 53 85 35 94 67 96 88 4 87 90 25 92 84 32 93 66 50 12 7 91 27 71 95 23 60 17 20 59 33 6 22 76 39 0 34 73 16 28 9 97 21 5 40 29 81 42 45 19 89 13 86 77 79 78 30 46 69 43 47 83 37 55 61 24 75 36 48 62 2 49 26 82 31 
TEST 42 ARG:88 62 4 56 89 63 7 98 46 76 39 70 78 41 29 44 28 64 12 52 86 24 32 66 92 71 47 15 85 87 90 18 68 43 5 20 73 31 96 72 59 11 55 2 57 33 9 81 13 94 93 60 3 84 79 0 10 38 40 8 35 23 16 99 26 51 50 67 30 25 82 61 17 48 97 45 65 95 75 77 53 58 6 27 34 1 19 83 49 42 37 22 91 36 54 69 74 80 14 21 
TEST 43 ARG:40 65 55 39 73 94 12 79 1 53 21 46 2 98 6 61 9 38 11 93 10 88 56 99 7 19 77 5 47 26 87 31 32 37 29 52 33 27 75 89 50 43 25 63 41 0 14 44 59 62 60 90 72 57 71 22 85 42 84 13 23 97 69 76 70 66 28 92 30 34 67 80 82 4 3 45 16 74 49 8 58 18 36 51 35 81 48 20 95 15 83 86 78 91 64 24 17 54 68 96 
TEST 44 ARG:97 74 33 11 9 36 66 65 77 35 56 0 84 73 62 63 48 92 14 1 29 27 90 7 41 22 45 31 96 16 78 87 76 17 18 20 24 61 46 43 79 80 81 4 39 75 21 94 53 3 10 59 68 38 50 13 47 32 5 99 15 82 49 72 70 51 12 26 40 85 69 52 42 23 95 6 86 34 25 60 19 71 83 57 2 89 67 64 91 98 28 54 44 88 93 8 37 58 55 30 
TEST 45 ARG:0 9 58 89 40 18 68 5 2 39 45 30 48 71 73 63 83 16 44 38 61 86 81 72 22 66 20 14 13 8 69 88 42 21 11 98 95 99 92 93 1 97 77 19 57 41 55 56 49 62 90 59 46 75 17 50 76 47 53 91 85 24 23 51 84 70 87 10 52 32 67 29 33 35 74 28 4 54 43 3 96 60 6 27 78 12 36 80 94 15 26 31 65 7 25 79 64 82 34 37 
TEST 46 ARG:33 46 56 31 93 73 29 5 82 77 59 32 50 27 15 34 47 30 61 44 83 57 54 66 7 53 72 89 24 16 76 63 79 58 25 71 60 62 65 36 37 90 4 78 13 41 12 22 95 38 26 70 2 43 92 91 45 8 75 18 40 9 14 23 19 74 97 86 17 49 20 10 42 94 67 6 48 80 52 28 85 0 68 39 87 55 1 51 64 35 88 99 81 21 84 96 98 69 3 11 
TEST 48 ARG:95 8 87 62 43 55 83 17 93 37 82 11 30 56 14 65 48 59 70 69 92 47 23 16 89 53 15 27 52 40 9 10 39 24 66 94 3 4 19 21 34 41 18 51 42 13 97 29 90 36 12 76 54 44 98 67 1 71 79 99 74 72 73 2 58 68 61 77 50 81 60 22 20 32 28 80 49 45 38 85 96 64 63 57 0 91 33 31 75 84 26 78 25 86 35 46 6 88 7 5 
TEST 49 ARG:61 46 94 65 17 53 76 21 8 85 30 38 66 0 48 81 77 2 3 99 72 75 88 28 10 42 54 15 36 22 68 14 83 39 12 29 4 11 56 32 50 74 78 60 37 90 92 55 31 27 1 23 58 79 6 57 80 51 63 43 24 96 16 47 71 93 35 86 97 64 34 82 67 91 49 25 73 20 45 44 9 7 26 70 41 59 13 98 18 95 52 69 87 84 19 5 40 89 33 62 
TEST 51 ARG:33 22 17 12 95 60 29 81 49 66 27 51 79 99 8 1 64 10 63 85 77 34 11 61 92 69 82 75 68 32 9 94 5 18 28 3 43 78 56 16 0 50 83 52 59 23 38 13 73 96 6 47 48 4 30 42 41 58 7 20 54 71 19 88 67 86 46 84 98 25 44 40 76 97 26 87 15 37 80 24 31 93 35 36 70 39 45 53 62 57 72 90 2 14 21 65 74 89 55 91 
TEST 53 ARG:13 68 84 0 88 19 36 57 16 18 89 30 1 7 33 56 95 40 3 64 71 22 79 27 39 34 41 87 25 93 90 76 66 74 54 73 12 75 99 46 61 15 81 9 96 45 2 58 82 47 72 29 44 91 8 38 63 5 42 52 24 86 65 97 31 67 53 35 17 85 48 94 78 26 11 50 60 20 92 14 70 49 83 43 69 21 59 80 23 37 32 98 51 4 77 28 6 55 62 10 
TEST 54 ARG:33 20 10 36 85 93 7 44 17 29 5 79 27 83 66 9 42 2 76 28 19 40 47 87 70 15 32 94 56 84 11 0 14 80 61 71 72 86 45 73 25 90 54 97 50 24 18 37 78 51 13 55 88 95 75 22 52 35 30 26 1 98 3 48 64 16 31 96 12 21 82 46 74 69 4 77 92 59 68 58 39 8 23 67 65 38 41 43 49 63 34 57 89 62 6 99 53 81 91 60 
TEST 55 ARG:78 49 84 66 79 80 69 41 34 64 59 82 4 31 40 21 88 3 53 24 74 70 42 7 94 32 47 48 12 45 60 67 62 44 1 5 17 68 83 29 58 36 76 75 50 63 99 52 96 23 46 35 95 61 85 51 98 38 57 93 27 71 13 54 8 30 0 9 16 15 86 77 55 28 97 37 10 18 14 20 92 2 90 26 72 91 39 65 11 25 43 56 73 6 33 89 22 81 19 87 
TEST 57 ARG:21 88 29 27 36 56 57 90 59 93 60 18 55 73 22 52 46 96 49 97 70 8 30 68 13 32 4 48 81 79 64 20 85 75 92 15 99 26 40 24 9 69 72 0 63 47 66 54 44 67 84 3 95 53 1 16 80 42 39 51 12 65 31 50 62 17 61 82 87 35 28 10 94 6 41 78 37 71 25 43 98 86 11 7 38 45 74 14 91 19 5 34 33 77 83 2 58 23 76 89 
TEST 58 ARG:72 52 33 68 97 7 80 30 71 41 83 20 27 98 3 66 57 54 32 69 50 75 34 74 17 85 82 2 86 99 22 88 14 94 76 4 49 89 84 70 62 26 15 18 42 5 40 60 36 23 28 67 45 51 63 56 0 12 55 53 43 31 9 38 10 35 65 87 48 77 29 44 58 1 79 37 19 11 46 95 96 59 39 24 61 6 92 13 90 78 16 21 73 8 47 64 91 81 93 25 
TEST 60 ARG:77 45 15 60 99 94 44 95 23 86 53 17 34 55 28 46 79 1 25 11 59 96 24 14 30 2 93 74 56 18 6 20 57 13 84 89 72 82 33 19 73 65 85 80 43 64 31 48 87 50 92 21 47 71 76 12 69 3 62 32 9 78 58 70 16 91 40 4 66 75 39 67 88 97 8 37 10 90 5 81 63 42 29 26 98 68 54 35 0 36 83 51 7 61 27 22 38 49 52 41 
TEST 61 ARG:24 17 31 86 2 94 97 63 16 29 15 66 87 44 36 78 68 55 26 93 30 51 23 88 77 40 11 79 37 91 99 33 80 75 13 38 89 22 76 52 28 57 4 85 50 58 92 60 35 42 84 98 82 59 1 95 7 83 32 70 18 20 49 96 56 6 27 19 90 14 81 39 41 12 45 46 74 48 62 5 3 67 43 53 25 71 0 8 47 72 9 73 64 69 61 65 21 34 54 10 
TEST 62 ARG:55 95 84 51 3 54 24 26 58 13 12 72 57 17 74 10 23 91 96 68 70 63 89 90 25 8 59 48 35 16 62 7 73 66 52 20 27 6 5 39 87 67 86 85 45 80 18 22 44 60 30 37 93 31 47 29 92 56 19 88 98 50 34 9 79 40 21 14 1 53 65 38 76 82 64 33 28 32 49 77 99 75 36 78 94 41 42 83 15 69 0 43 61 46 11 2 71 97 4 81 
TEST 64 ARG:8 32 42 60 71 19 62 68 9 39 0 44 30 29 84 95 28 2 98 15 91 7 50 21 17 48 26 77 66 55 87 45 12 94 1 75 36 35 80 6 70 46 93 61 96 76 57 51 3 10 37 52 11 23 53 72 73 54 24 47 78 18 79 38 64 27 82 58 97 43 13 41 85 56 5 83 59 33 86 4 63 14 67 81 31 40 69 49 90 92 22 89 99 74 25 65 16 88 20 34 
TEST 65 ARG:22 49 39 25 62 79 68 40 6 8 23 61 85 75 45 52 73 88 83 11 74 59 10 65 46 32 4 92 99 29 87 67 77 37 53 30 97 63 80 76 41 96 24 44 3 16 7 12 98 60 1 43 93 90 95 26 2 9 36 38 82 51 54 69 42 56 78 47 70 57 34 48 66 84 33 18 0 14 71 21 64 50 91 55 17 94 5 28 15 58 81 27 19 35 13 31 72 86 20 89 
TEST 66 ARG:43 13 49 0 82 63 81 31 27 40 58 80 15 14 25 76 34 62 20 83 38 12 84 24 79 70 5 16 74 60 75 6 29 86 71 42 95 4 21 69 2 47 7 37 51 26 91 57 23 65 92 39 97 18 22 67 32 94 35 61 64 44 1 30 66 45 56 55 89 52 88 46 19 36 54 9 48 10 98 28 53 87 72 8 96 68 93 85 59 50 33 41 99 73 78 90 11 3 17 77 
TEST 67 ARG:58 70 51 53 31 8 13 76 4 54 68 6 50 39 74 35 98 44 87 59 52 26 79 71 57 16 69 73 95 19 3 11 78 18 77 56 27 62 41 12 94 83 90 47 92 86 38 42 28 30 66 21 49 84 81 61 93 64 7 10 45 55 40 48 46 17 29 32 43 67 22 82 99 0 24 14 60 5 34 75 9 91 89 36 15 20 96 72 37 80 85 65 97 25 63 33 2 88 23 1 
TEST 68 ARG:91 2 85 30 60 28 99 55 65 38 94 74 83 19 77 64 70 76 17 45 59 88 81 49 1 15 6 75 63 90 54 87 82 27 52 93 25 42 95 44 5 50 66 34 22 10 13 46 7 57 71 78 40 32 31 96 80 12 41 86 62 79 97 8 26 14 51 84 67 61 20 0 89 72 56 11 21 47 69 16 48 4 68 24 53 35 23 73 39 29 18 33 36 9 43 92 58 3 98 37 
TEST 70 ARG:28 27 26 64 24 53 37 32 30 83 56 29 9 87 47 16 48 97 86 43 96 19 57 17 4 34 61 74 18 2 1 78 38 40 99 50 52 65 0 39 49 23 33 3 59 58 5 12 92 95 85 60 44 76 88 68 70 11 67 51 25 20 8 22 82 42 55 89 79 66 35 94 21 10 98 45 6 62 81 63 54 77 15 13 7 73 41 93 46 84 14 69 71 90 36 91 31 80 75 72 
TEST 72 ARG:32 62 82 5 52 67 53 89 45 1 0 90 84 98 44 76 25 26 20 88 74 27 34 97 56 4 60 9 12 13 61 79 96 68 35 99 39 58 2 41 14 47 33 40 11 80 37 51 43 30 15 49 8 6 93 19 87 3 38 50 73 21 85 48 59 16 78 46 69 75 31 66 36 92 65 54 77 18 24 29 72 94 28 22 23 81 95 86 42 55 70 57 17 71 7 10 64 91 63 83 
TEST 74 ARG:71 69 81 54 14 59 28 84 17 57 38 46 26 58 8 49 35 67 72 82 24 36 50 29 76 78 1 85 52 33 3 64 80 73 7 40 20 99 30 11 91 27 16 70 90 96 53 51 56 89 48 39 31 4 37 44 95 42 19 5 25 34 63 62 15 32 13 74 77 75 21 65 86 66 22 79 43 98 97 47 10 61 41 83 94 23 18 9 92 87 0 12 60 93 45 88 6 68 2 55 
TEST 75 ARG:49 55 21 65 59 18 69 8 92 4 31 36 80 64 78 87 82 16 94 96 73 86 50 19 52 1 40 34 12 27 70 33 32 67 84 63 7 76 25 6 43 83 47 95 97 13 28 57 45 38 15 88 41 42 58 17 3 24 46 20 26 98 48 61 99 75 56 54 89 79 35 30 66 39 91 2 23 74 44 37 68 29 11 9 10 53 90 22 71 93 60 81 77 5 0 14 62 85 72 51 
TEST 76 ARG:56 14 48 81 4 45 50 58 36 13 92 96 5 87 75 18 43 54 15 61 23 79 91 32 10 93 59 19 1 89 77 62 2 39 74 46 52 17 69 7 26 85 86 73 99 16 88 51 31 78 9 20 34 30 38 98 22 82 3 0 72 25 27 12 21 49 42 83 55 33 8 97 94 47 37 41 44 64 29 28 65 24 6 60 90 95 57 40 68 84 53 63 76 80 11 70 67 66 71 35 
TEST 77 ARG:23 9 50 53 3 19 36 39 65 10 41 80 90 63 40 28 95 60 74 76 97 46 91 88 73 64 92 77 67 62 7 26 66 21 72 56 45 89 0 61 11 17 54 8 27 96 79 22 34 58 14 83 24 48 85 29 38 5 31 13 57 71 2 6 82 86 43 51 93 44 20 35 12 75 33 81 52 30 87 32 18 47 69 37 49 94 78 59 4 25 1 68 70 98 16 55 99 84 42 15 
TEST 79 ARG:71 10 62 68 88 23 69 35 31 26 14 25 8 98 28 65 96 43 51 70 7 38 58 30 56 48 64 0 83 45 49 89 82 34 57 39 46 78 32 75 4 47 77 12 11 44 73 80 6 50 97 20 15 91 21 42 94 2 79 76 61 24 5 3 60 86 41 95 85 16 59 74 27 29 22 93 99 33 90 87 13 63 67 40 17 81 92 1 36 19 52 37 66 84 9 55 53 72 54 18 
TEST 80 ARG:35 89 24 15 26 96 46 97 43 7 20 84 65 58 90 29 23 45 5 94 51 70 22 34 18 95 6 39 8 98 87 11 42 1 54 99 52 48 85 3 28 61 57 81 79 36 72 31 13 74 69 82 56 19 86 14 30 0 88 47 17 73 63 41 80 21 44 67 38 55 50 66 9 33 62 49 64 53 40 10 76 16 25 37 60 2 59 12 77 68 4 92 71 75 78 32 91 93 27 83 
TEST 81 ARG:62 76 16 28 47 8 89 20 60 97 87 31 57 75 1 6 7 59 23 91 12 9 34 58 2 83 37 92 85 38 15 68 66 54 21 5 10 25 46 96 39 93 13 17 26 55 30 71 78 43 73 79 53 65 29 24 40 56 67 84 45 64 18 94 14 19 99 82 90 50 51 98 36 81 0 72 35 32 4 63 44 11 74 70 69 3 77 52 42 22 95 61 48 49 86 41 27 88 33 80 
TEST 82 ARG:34 35 69 36 19 16 42 60 77 72 26 50 88 98 61 87 85 2 24 18 45 47 91 76 30 64 81 65 93 7 56 46 82 32 99 5 6 80 44 74 63 23 10 62 37 4 86 38 21 22 52 27 92 1 95 54 48 39 79 58 66 14 49 12 55 9 78 67 70 51 90 94 57 3 53 75 43 8 29 11 83 73 96 15 68 40 20 59 31 0 84 97 71 33 13 17 25 89 41 28 
TEST 83 ARG:88 42 49 54 28 50 47 86 33 87 38 46 35 39 25 30 43 69 24 23 51 13 2 66 53 52 70 36 64 58 75 80 0 99 44 48 8 93 92 18 67 71 3 14 90 76 56 95 73 91 60 98 10 20 45 41 16 74 57 22 83 11 82 17 7 78 96 4 61 37 97 89 29 27 72 81 85 40 6 15 9 68 31 32 62 84 59 34 77 79 65 19 12 5 94 55 63 1 26 21 
TEST 84 ARG:96 0 5 23 14 15 1 6 74 22 36 80 9 68 78 48 2 70 99 93 33 73 32 91 95 41 21 54 19 44 65 75 46 52 51 72 10 4 64 60 28 11 61 57 12 8 13 87 67 92 34 89 85 38 30 71 29 62 77 35 50 40 43 98 83 79 27 90 7 56 88 42 49 20 17 53 55 45 76 84 31 18 81 16 69 24 26 25 59 94 47 86 58 37 97 66 3 63 82 39 
TEST 85 ARG:84 92 67 40 54 50 55 4 13 11 99 6 7 0 64 26 23 90 27 21 70 65 18 32 31 9 80 61 78 95 49 89 35 91 38 12 48 29 42 75 87 72 33 10 28 88 83 1 62 51 73 66 86 16 77 98 43 68 46 5 25 47 57 60 34 76 20 8 56 53 44 94 24 17 69 39 36 63 97 93 19 82 52 79 96 30 74 58 85 71 45 59 2 14 37 3 15 41 81 22 
TEST 87 ARG:97 47 11 34 9 95 89 63 86 72 30 42 44 16 4 24 61 67 29 52 75 7 82 2 10 69 43 64 74 85 3 36 66 17 12 78 18 39 83 87 27 1 53 94 28 71 60 25 0 15 54 50 6 77 99 32 88 19 26 84 5 58 23 49 20 80 57 8 48 33 51 14 46 45 93 68 90 62 96 41 31 22 91 55 37 76 40 35 92 21 73 59 98 38 65 79 56 70 81 13 
TEST 88 ARG:31 92 36 50 25 38 65 89 53 4 39 45 91 71 32 69 7 72 1 41 83 26 43 93 21 98 20 17 13 14 33 47 76 90 60 12 99 23 56 80 87 5 37 62 70 9 77 24 54 59 16 29 18 64 40 88 86 74 63 27 19 79 95 97 49 68 48 28 67 10 51 2 46 35 85 34 30 22 82 0 57 61 58 8 44 55 75 66 84 52 81 78 3 73 15 94 11 96 42 6 
TEST 89 ARG:2 64 43 97 35 96 99 87 84 4 24 74 93 76 98 12 3 21 14 92 89 0 18 23 9 63 50 62 37 85 60 86 83 1 13 67 56 16 91 10 36 88 69 59 8 32 81 44 61 49 94 34 47 80 25 53 11 20 73 75 51 72 77 55 78 95 52 66 48 30 71 54 33 58 15 28 7 19 46 38 45 5 31 22 79 29 39 65 27 90 41 42 68 26 82 6 70 40 57 17 
TEST 90 ARG:13 92 63 31 87 89 46 61 30 85 51 71 28 66 72 55 60 52 20 41 64 94 39 25 11 47 14 0 45 54 86 96 38 49 97 1 90 95 44 33 2 68 74 24 69 43 59 23 8 76 73 7 5 99 17 83 48 6 40 16 65 12 79 56 26 18 81 3 35 98 84 53 21 80 9 57 15 37 78 70 42 77 27 93 91 82 34 32 58 4 88 29 10 67 19 22 36 50 62 75 
TEST 91 ARG:22 44 6 24 30 66 58 72 84 41 74 81 18 20 97 34 2 4 80 11 85 53 86 49 47 32 89 65 43 10 73 1 31 12 29 14 57 27 33 68 9 15 50 83 19 95 25 45 28 52 51 35 87 93 94 69 67 21 92 23 13 40 54 37 0 64 59 75 99 48 16 7 76 70 5 46 62 91 60 42 38 39 82 71 77 96 8 79 88 78 3 17 90 36 55 26 61 98 56 63 
TEST 92 ARG:18 11 38 75 87 7 45 33 83 43 49 13 70 6 50 92 40 69 37 30 19 66 88 60 62 57 74 29 27 93 14 5 61 16 91 9 64 41 1 99 12 21 46 77 0 86 85 96 63 8 68 4 24 23 76 10 52 89 3 28 20 35 67 51 73 32 44 47 58 94 80 15 71 65 95 97 79 81 84 78 98 90 42 25 82 53 56 48 54 39 59 2 34 17 22 72 55 36 26 31 
TEST 93 ARG:52 66 97 64 95 81 4 77 80 71 61 54 25 41 69 29 76 34 90 84 37 55 39 15 40 18 62 43 32 56 36 5 24 17 2 59 8 63 26 22 50 49 31 75 82 60 47 57 42 33 14 21 44 48 12 93 11 16 1 0 89 6 46 19 72 53 45 51 38 98 70 88 73 86 7 99 10 27 20 91 94 9 28 85 79 83 87 67 74 35 68 96 58 78 92 13 23 30 65 3 
TEST 94 ARG:73 0 10 80 14 23 97 40 15 85 44 4 3 2 60 91 61 90 29 86 26 19 53 93 78 48 6 25 58 67 21 9 28 94 13 88 7 12 32 39 77 35 70 99 56 16 51 27 83 24 46 89 37 95 64 71 47 69 45 41 79 87 68 57 74 42 98 65 84 8 49 20 50 63 92 33 1 81 38 31 54 82 72 17 36 52 5 34 59 75 66 18 30 96 43 22 62 55 11 76 
TEST 95 ARG:58 25 68 71 64 51 69 62 53 95 27 84 2 83 70 48 66 31 15 80 97 5 72 46 77 79 76 4 18 6 23 8 61 91 16 57 78 9 14 73 94 43 29 45 88 13 90 21 11 28 35 67 30 89 22 93 92 63 75 52 42 40 17 55 99 36 1 49 74 65 7 24 37 32 96 47 56 50 98 0 59 44 54 34 19 87 33 82 41 85 3 86 38 60 81 26 10 20 39 12 
TEST 96 ARG:34 49 41 82 58 44 5 62 69 10 37 98 40 59 25 72 85 88 2 45 99 77 27 94 14 65 95 92 3 1 71 79 39 63 55 53 68 19 31 33 46 22 21 0 23 67 61 12 8 60 52 78 96 47 74 50 15 66 29 18 93 91 26 48 54 57 87 73 38 4 36 17 32 84 70 97 76 83 16 89 35 20 30 6 81 64 28 86 80 43 42 75 51 56 90 9 7 13 11 24 
TEST 97 ARG:30 59 44 71 63 82 85 0 77 56 81 62 89 84 90 25 58 99 75 6 53 93 13 34 41 39 38 74 8 55 3 18 95 79 26 19 52 29 12 40 43 70 32 28 50 35 9 33 66 2 17 47 49 67 68 4 1 61 11 51 86 78 60 15 36 98 76 14 22 23 87 16 5 64 46 48 7 31 94 37 24 69 65 96 91 80 45 92 27 72 83 57 20 21 97 10 54 73 42 88 
TEST 98 ARG:80 92 77 32 91 10 97 69 86 46 12 76 44 30 66 61 95 83 28 96 43 88 84 34 54 72 6 63 9 62 75 73 58 74 55 35 71 18 13 27 1 42 2 45 11 50 8 57 98 56 81 47 39 29 53 89 79 85 48 64 36 15 90 52 68 24 7 65 78 5 41 0 59 23 22 70 21 38 99 25 51 67 37 20 31 49 33 94 93 4 60 87 16 17 82 40 19 26 14 3 
TEST 99 ARG:86 73 60 3 98 45 37 14 32 80 48 34 58 99 18 5 61 55 21 66 4 6 91 71 97 16 35 84 51 95 26 30 41 83 53 43 56 90 23 31 79 27 96 22 24 70 15 57 59 8 49 1 29 38 9 63 44 64 87 69 76 17 19 12 52 39 7 10 33 94 82 77 68 92 13 72 2 75 47 25 54 81 46 20 74 89 85 88 78 42 28 65 50 67 0 62 11 93 40 36 
TEST 100 ARG:65 46 31 37 17 15 47 13 93 64 55 11 34 83 14 77 7 52 94 35 87 62 99 67 21 86 48 95 45 53 23 69 76 84 44 39 50 97 20 88 1 41 90 32 36 5 9 59 29 2 81 54 56 58 40 43 61 80 33 18 79 6 27 63 4 82 92 24 25 22 3 12 98 49 38 26 60 42 8 89 71 75 68 0 85 78 91 30 96 16 72 57 66 19 73 51 70 28 74 10 
BONUS-Multiple size <= 500
TEST 1 ARG:468 96 445 312 450 285 119 34 461 197 373 135 424 429 362 361 269 136 24 79 146 314 14 491 347 128 97 99 423 124 333 436 245 421 254 257 186 76 72 439 432 84 130 443 380 122 246 234 230 283 374 61 3 125 317 237 382 369 244 466 81 60 328 357 308 444 123 10 407 236 150 448 92 252 453 21 425 226 243 402 346 386 184 400 459 458 298 6 27 417 368 415 88 17 277 483 296 174 217 160 463 340 384 290 316 229 392 437 181 191 430 70 15 167 416 266 179 394 147 322 156 153 65 435 190 419 274 210 355 251 294 42 80 335 295 313 278 288 95 213 105 221 403 139 492 55 480 231 487 378 108 163 408 148 497 280 478 235 56 302 177 18 282 0 193 98 8 356 405 301 50 255 126 260 94 349 1 321 115 227 363 250 114 358 388 411 196 173 195 470 200 467 311 464 275 187 64 383 256 299 180 140 489 223 306 28 493 247 44 215 4 183 52 475 145 427 329 5 232 86 194 168 112 166 63 169 218 281 325 75 486 344 58 38 496 412 303 107 359 474 188 104 253 32 323 451 73 442 471 258 142 158 116 348 2 199 51 165 26 132 418 59 49 171 12 9 289 499 440 293 189 101 291 220 192 331 212 270 37 141 304 69 131 377 120 488 343 90 414 446 330 420 268 276 204 118 319 151 391 161 202 13 495 376 106 428 327 332 484 248 375 89 262 201 85 203 389 431 426 208 127 91 211 286 352 360 239 381 479 395 219 342 379 54 410 11 334 396 336 225 337 134 62 272 46 485 57 406 393 460 338 271 241 110 422 185 233 387 267 7 74 350 164 19 182 307 473 113 77 209 53 35 48 309 469 263 143 456 170 175 154 129 78 31 447 353 284 434 364 67 43 36 462 413 83 449 433 438 102 481 372 297 228 265 111 41 93 144 249 326 482 324 100 365 465 66 300 238 476 318 279 454 404 371 320 198 292 216 409 206 39 441 273 20 133 498 310 261 367 240 259 45 109 366 172 68 121 370 87 222 30 33 455 287 22 207 137 398 385 178 103 157 490 16 82 401 40 155 397 23 315 176 149 138 477 214 242 47 152 472 351 71 339 25 162 224 205 117 452 354 159 264 399 390 457 341 29 494 345 305 
TEST 2 ARG:420 132 343 4 327 158 340 0 148 179 93 271 129 72 15 442 120 125 496 45 400 42 429 80 205 208 425 128 367 9 194 168 431 200 20 37 167 329 453 341 466 493 112 130 345 300 404 440 490 17 47 152 190 441 104 201 78 99 182 279 19 175 375 313 36 255 77 326 411 301 413 218 276 427 437 62 365 337 171 16 55 209 10 153 98 163 285 269 449 84 177 215 178 46 361 121 434 199 432 360 96 247 394 426 131 464 275 26 22 186 109 156 59 195 348 83 38 353 176 57 282 428 291 480 135 203 339 12 462 487 122 225 3 323 214 146 401 91 398 333 306 229 74 388 303 172 13 231 227 366 414 316 315 165 476 187 234 7 140 2 248 54 58 286 14 393 251 113 310 164 11 126 92 8 228 356 73 292 258 154 458 383 491 408 257 406 474 210 79 219 387 416 436 144 386 212 455 94 110 30 486 48 297 226 27 23 492 222 311 454 322 216 263 370 446 288 384 270 5 346 376 151 246 34 95 197 477 90 242 435 106 452 433 385 363 395 485 159 155 53 52 32 133 180 244 338 347 272 147 489 451 368 116 87 419 196 118 465 397 236 418 240 105 252 352 423 235 6 444 475 497 359 309 264 473 100 193 223 65 351 349 127 183 472 410 443 478 134 141 261 114 483 111 162 69 191 243 498 273 241 412 150 421 266 494 293 221 499 107 124 206 304 160 302 21 232 101 460 488 184 181 161 289 471 139 320 335 281 396 119 39 447 145 75 40 378 334 259 25 424 354 88 296 430 308 479 294 136 392 305 482 117 374 108 67 173 481 342 142 211 417 49 287 362 204 1 217 64 170 56 253 382 468 102 149 166 68 138 369 63 298 18 357 403 283 260 33 344 76 81 254 233 239 314 402 399 41 299 97 123 350 51 290 202 448 207 250 324 317 307 409 249 230 28 267 358 391 415 71 331 381 328 336 371 174 445 89 377 456 380 355 390 66 82 245 318 220 470 330 407 70 278 137 319 44 379 459 103 61 373 284 50 29 274 268 277 439 237 198 115 262 422 188 312 192 24 224 213 364 461 450 265 85 238 143 389 372 35 325 31 405 438 467 280 469 189 60 169 321 463 295 256 86 484 457 495 185 43 157 332 
TEST 3 ARG:27 480 122 174 260 446 431 98 104 53 143 336 358 456 1 313 489 147 317 461 76 428 163 411 329 5 343 374 132 393 17 116 105 365 124 470 467 392 181 474 235 179 251 180 99 154 478 202 168 70 224 396 87 86 449 492 442 57 310 332 215 227 258 176 228 337 457 488 295 196 496 146 19 436 0 294 109 21 462 217 42 375 287 280 16 182 278 58 455 247 288 339 136 499 119 486 400 498 415 381 74 394 60 29 93 349 133 353 18 30 32 75 50 65 233 345 225 172 102 308 10 376 241 171 238 267 293 445 8 177 476 191 48 173 246 161 289 285 61 328 257 371 262 158 62 121 112 368 356 483 301 302 469 4 213 111 397 395 466 399 319 80 286 183 433 220 127 47 209 384 89 386 382 195 231 137 362 311 497 94 117 425 460 350 465 24 419 162 90 316 67 398 409 438 325 164 242 282 416 148 193 31 9 64 226 320 361 482 95 300 276 51 156 249 52 223 229 126 364 312 125 359 175 366 495 145 134 265 440 192 56 25 435 26 6 458 11 212 363 369 441 118 33 464 135 141 113 283 187 342 248 204 454 318 407 214 38 305 323 357 389 277 281 178 44 253 405 472 39 245 406 45 208 3 123 273 291 327 73 422 35 261 322 334 66 170 144 167 184 210 22 23 15 490 207 234 453 190 463 279 264 254 432 450 299 59 485 43 429 333 321 91 263 269 326 96 473 203 266 142 437 275 151 160 309 292 149 150 169 452 297 165 259 166 63 200 367 420 451 290 185 84 153 201 410 417 216 370 243 338 272 348 354 198 418 252 448 77 335 296 82 270 79 385 434 268 13 110 430 54 197 444 138 155 49 46 298 388 439 100 106 404 206 360 189 157 341 115 218 152 41 131 271 2 493 230 284 97 34 377 14 159 403 256 427 101 443 68 205 401 194 307 221 426 471 92 421 355 314 373 330 37 250 402 219 315 20 28 120 391 85 114 408 481 130 69 379 107 494 414 412 378 487 188 78 424 387 88 211 390 346 344 491 477 324 380 459 108 83 423 331 81 479 36 255 232 484 475 347 7 12 237 186 306 129 413 304 40 140 128 199 240 72 274 468 447 372 103 71 340 55 303 139 222 236 352 383 351 244 239 
TEST 4 ARG:334 327 256 20 133 476 294 123 282 386 357 181 498 409 119 85 110 337 62 272 474 51 293 404 190 328 410 76 245 278 281 417 464 253 41 307 465 88 286 234 441 224 348 149 463 342 449 8 153 93 395 450 47 148 137 302 117 268 191 383 99 447 203 186 180 298 356 36 371 214 130 379 484 471 220 26 494 207 397 489 33 347 168 324 317 470 86 305 406 9 32 71 403 299 169 145 14 394 341 421 195 301 364 15 416 257 231 338 50 105 289 381 439 237 329 488 217 114 446 491 226 66 97 434 262 69 259 116 304 374 158 306 35 232 228 350 392 162 314 358 483 150 200 221 354 112 480 134 42 155 280 486 460 131 39 243 27 216 252 77 313 244 247 223 362 418 333 80 320 487 1 344 251 95 267 94 139 98 164 198 48 17 345 361 388 368 196 22 182 312 325 360 5 68 107 104 322 219 442 118 318 343 113 53 193 478 194 469 273 300 419 288 215 425 108 264 78 448 387 456 233 363 263 414 346 391 490 355 241 204 209 235 393 335 183 255 197 122 482 283 284 173 55 157 380 462 400 398 239 187 73 18 378 415 38 166 390 142 495 37 229 248 258 370 401 227 154 222 308 454 479 19 431 457 121 3 146 126 59 246 82 44 269 205 310 163 4 287 309 290 31 303 433 120 455 372 132 100 265 115 459 238 136 138 382 128 331 127 352 467 61 468 499 407 323 49 497 111 270 171 25 369 242 438 413 29 458 366 72 103 125 435 384 291 422 10 192 240 106 91 45 54 212 218 16 444 367 339 159 311 452 46 466 65 143 63 172 295 453 250 316 396 330 296 375 151 225 254 79 178 271 176 230 109 152 432 277 34 75 175 160 321 261 11 147 208 275 423 340 140 436 167 211 52 206 493 101 319 266 472 141 90 359 279 274 84 451 336 445 74 92 461 389 477 70 135 376 424 326 420 174 129 7 177 236 179 427 351 430 373 285 60 210 473 81 0 188 292 315 385 67 199 475 12 124 58 332 402 411 408 144 64 399 189 353 170 201 83 443 349 377 87 21 412 405 2 481 40 28 13 56 249 276 365 202 429 102 428 165 57 213 184 297 426 161 156 43 437 260 30 492 485 185 496 440 96 24 89 23 6 
TEST 5 ARG:175 204 120 92 38 30 391 296 326 460 283 61 215 8 191 37 282 11 350 445 448 473 122 230 158 155 396 246 431 280 233 216 319 6 3 7 290 429 226 261 422 176 336 157 251 467 306 195 206 343 113 342 234 36 67 97 309 147 360 163 201 28 90 59 125 114 474 242 275 483 441 185 235 303 250 238 394 241 456 225 9 58 183 287 382 259 81 258 480 199 133 471 311 492 413 237 337 224 48 13 194 472 323 331 253 127 84 186 325 22 112 268 477 117 159 452 285 476 221 63 455 458 491 367 298 437 78 329 453 397 347 334 71 52 223 307 187 363 447 365 457 271 219 377 93 14 151 315 348 479 316 34 264 486 64 398 75 358 409 243 21 415 305 497 369 124 333 274 82 321 318 433 139 174 188 0 142 68 379 340 86 164 281 459 103 210 62 182 389 400 205 310 372 449 231 107 419 118 79 244 236 420 294 184 412 137 390 166 200 464 87 96 165 116 405 487 161 211 47 217 370 277 278 108 189 110 29 408 295 178 266 454 45 66 403 15 368 402 179 371 209 289 140 115 46 4 297 173 374 254 436 308 498 461 406 344 77 41 20 434 144 442 239 481 425 427 376 444 177 493 190 291 99 10 232 324 385 386 263 352 286 272 407 39 23 213 470 101 378 279 111 126 202 16 172 465 33 292 24 180 5 42 26 80 346 160 49 383 435 424 50 141 150 421 466 248 257 353 222 395 102 65 375 317 349 218 130 478 85 260 83 119 51 132 364 44 341 362 193 284 488 89 69 359 245 301 1 167 410 72 357 262 270 320 17 136 423 269 192 104 339 416 32 313 489 300 95 451 355 91 485 43 299 149 496 255 494 345 482 388 212 273 229 153 361 338 392 443 418 430 404 170 469 220 381 463 208 490 373 12 138 40 54 252 88 304 256 440 411 428 468 439 146 35 484 60 314 27 426 73 131 207 148 203 19 162 475 265 393 432 499 438 399 25 267 417 327 76 196 74 143 302 134 228 198 214 55 105 366 152 197 293 2 384 351 356 94 462 106 181 240 387 401 109 171 249 247 227 169 312 31 322 328 70 332 330 121 145 98 53 18 495 276 56 450 446 135 168 129 335 156 128 123 354 380 57 100 288 154 414 
TEST 6 ARG:292 96 193 202 65 261 331 263 19 409 129 361 457 169 444 236 383 327 440 174 89 262 104 280 469 340 324 239 240 349 67 215 101 397 26 59 199 391 256 384 289 332 131 41 230 8 258 352 156 427 172 221 493 128 279 359 73 249 334 118 165 44 132 225 410 224 29 64 18 416 393 472 218 486 36 105 63 468 453 22 481 463 158 47 452 496 293 338 32 356 308 322 415 122 320 166 37 234 130 57 310 74 170 432 251 51 467 385 252 299 243 284 207 176 286 494 301 23 108 267 266 141 90 367 54 389 333 277 171 70 257 474 42 343 214 489 325 270 492 201 192 179 79 464 451 52 295 163 7 253 374 364 24 200 272 2 191 350 377 388 479 254 107 133 103 56 429 319 313 421 203 450 276 194 119 386 208 287 213 93 417 162 229 358 245 11 68 255 237 16 443 48 285 86 355 121 422 398 167 80 75 139 25 401 400 31 198 273 265 294 152 424 414 15 291 20 184 62 97 205 315 76 113 360 186 471 345 376 210 190 180 232 318 382 275 72 244 144 431 153 146 109 337 392 111 223 100 347 465 60 390 177 155 92 87 0 226 449 339 381 246 387 10 326 173 5 497 33 420 357 228 46 281 50 81 438 268 206 212 405 55 476 247 160 404 368 28 448 69 442 466 354 3 395 145 454 307 498 436 220 120 168 462 477 437 114 204 235 309 71 98 419 115 154 372 434 182 488 227 148 151 13 303 40 271 216 288 306 348 9 499 378 321 188 27 412 88 426 30 369 147 435 82 428 290 102 314 403 149 406 353 461 473 394 300 323 53 260 433 351 83 366 363 269 140 189 61 136 482 342 335 380 137 282 85 408 38 470 344 78 58 458 365 77 411 117 181 116 446 375 418 125 274 297 161 112 264 278 302 6 441 106 316 447 402 1 211 483 217 99 370 231 134 95 459 178 233 484 66 283 328 124 138 17 49 304 362 159 91 35 150 110 238 490 197 480 187 329 425 259 305 185 14 312 175 371 123 209 222 336 250 445 439 487 485 126 127 346 196 84 311 341 143 495 248 455 241 4 430 219 413 399 164 142 45 21 475 407 296 396 298 379 373 423 317 242 183 43 460 330 39 157 135 94 34 456 12 195 491 478 
TEST 7 ARG:53 353 215 320 334 89 379 99 323 250 79 230 55 233 177 147 317 486 6 318 236 298 262 234 11 407 390 17 333 78 347 94 218 446 5 324 468 229 301 457 124 432 171 430 245 163 56 263 461 419 108 496 34 198 397 132 470 458 358 92 189 31 405 484 173 311 316 314 393 65 293 154 184 32 255 144 114 309 400 107 39 86 387 159 396 475 221 202 282 483 239 357 40 22 186 129 137 351 241 212 74 286 72 0 287 455 265 338 13 203 29 152 297 128 362 499 495 2 145 222 183 130 361 87 98 322 474 77 251 110 253 421 444 205 440 95 374 401 418 109 240 463 465 138 388 156 44 443 288 52 345 382 190 150 423 135 36 93 228 64 356 271 120 473 391 433 276 342 68 195 248 480 308 448 302 140 283 259 139 238 126 178 172 193 12 196 88 246 231 330 328 269 335 277 97 24 372 477 313 223 70 344 35 412 319 219 426 123 275 398 194 153 242 96 487 449 51 337 21 127 366 481 125 343 90 81 261 244 471 237 37 310 20 472 45 359 258 370 427 19 117 460 169 214 476 225 49 197 296 167 59 80 1 294 191 10 272 278 447 148 162 243 182 402 456 377 267 207 482 151 143 75 381 122 411 63 69 346 303 224 454 4 158 360 417 149 57 341 188 431 425 200 389 168 479 490 208 307 201 142 8 349 166 367 46 15 76 174 404 414 280 227 348 380 226 119 27 164 60 289 103 179 266 264 491 329 363 326 58 112 101 113 331 290 438 30 336 422 66 209 102 249 247 451 385 392 232 428 131 175 105 285 453 435 73 371 181 185 464 409 61 498 299 332 43 384 211 413 252 187 161 492 386 416 176 115 42 16 180 268 403 170 3 469 106 136 441 304 375 85 71 439 67 321 442 452 100 493 410 254 54 420 217 365 14 478 213 279 104 352 489 354 445 84 434 62 33 378 494 160 165 383 116 157 406 376 38 394 7 274 273 83 305 373 25 315 462 408 256 220 424 18 210 91 23 429 450 28 41 26 437 192 395 415 9 350 134 257 312 235 270 291 485 281 260 118 155 325 369 121 459 204 111 48 368 199 47 146 399 216 300 466 327 355 306 497 467 206 141 50 295 364 339 436 82 133 488 284 340 292 
TEST 8 ARG:413 264 248 407 6 72 108 356 106 292 59 289 171 389 347 238 214 337 286 293 332 323 450 113 136 201 406 203 352 353 309 493 186 172 14 268 244 189 410 401 459 296 121 166 97 194 485 91 428 29 38 270 226 344 50 187 235 373 477 68 94 142 169 39 98 176 99 439 468 476 1 17 482 351 82 300 196 403 464 241 25 102 334 301 279 123 311 21 240 60 28 269 357 146 328 71 314 434 343 13 452 430 107 185 436 382 348 20 36 141 278 77 445 247 298 287 484 498 303 170 152 195 128 211 202 276 299 117 261 252 138 281 457 474 387 423 469 460 448 158 251 67 433 481 228 179 408 429 129 24 245 308 135 338 375 447 442 378 220 54 350 283 326 346 364 233 173 43 446 246 322 370 304 290 70 388 411 5 492 16 295 56 329 124 162 282 374 15 31 73 438 35 26 371 177 266 285 277 227 76 125 154 119 263 62 426 0 321 419 362 409 455 386 149 224 443 441 232 53 48 339 229 490 306 335 366 340 219 198 7 472 331 188 157 377 380 44 183 431 150 218 360 320 192 475 74 383 93 368 210 418 297 41 80 249 379 191 110 63 69 175 478 163 85 488 96 90 256 206 330 367 486 242 216 288 159 95 137 258 307 491 396 193 79 354 83 495 148 391 372 319 127 454 104 424 47 160 470 449 291 250 393 456 118 208 200 262 259 376 451 11 115 466 215 405 381 273 3 204 254 87 42 213 27 100 316 18 86 479 120 143 260 420 112 318 168 66 234 184 462 417 369 132 34 151 440 199 181 174 392 325 205 463 395 358 111 12 243 239 103 37 305 32 190 363 225 165 105 496 342 57 427 231 471 182 404 271 58 324 310 255 458 421 280 399 140 432 398 274 415 267 397 40 487 494 480 385 75 237 19 2 313 178 49 89 167 131 402 61 164 223 144 22 8 422 497 221 341 78 217 45 425 52 88 116 55 345 453 412 222 145 414 444 33 302 180 114 272 133 147 101 51 349 209 390 155 122 46 253 275 65 109 437 4 161 139 284 361 394 435 384 64 197 461 230 236 355 312 336 81 265 156 416 315 483 10 23 473 92 365 30 84 465 212 257 126 499 207 130 317 467 400 9 489 359 294 153 134 327 333 
TEST 9 ARG:383 428 111 263 189 483 206 415 65 88 53 265 474 260 281 464 284 312 252 286 45 187 113 248 288 60 391 407 74 306 264 371 416 392 211 431 461 401 420 394 305 375 403 426 99 325 129 2 156 10 421 346 218 377 476 19 462 98 135 358 349 202 459 50 161 15 497 214 338 51 339 43 244 39 121 482 481 266 196 118 234 120 200 450 492 397 440 419 103 348 298 91 267 55 410 379 26 487 381 498 159 290 134 422 293 406 18 61 212 409 110 471 345 228 270 78 384 162 316 353 23 432 259 47 496 167 470 204 393 360 357 453 269 20 240 486 297 466 34 229 72 447 75 369 418 475 140 341 84 210 378 444 275 188 310 239 472 119 107 484 253 220 89 454 181 109 365 331 70 8 370 296 174 311 399 499 278 28 16 158 94 313 235 445 337 175 463 100 30 433 336 398 308 131 225 177 79 77 221 283 22 59 193 467 362 136 207 460 246 222 480 85 430 332 3 35 186 302 301 272 333 71 280 0 241 176 319 67 256 425 448 83 36 216 142 195 54 154 489 114 424 274 262 434 427 231 438 95 209 299 382 62 324 1 92 166 233 153 130 137 117 157 271 335 190 46 287 347 257 122 116 318 441 125 104 451 49 334 57 9 251 411 42 194 192 247 56 356 300 185 97 245 148 63 6 64 355 152 413 376 317 81 191 40 160 354 351 115 11 400 340 291 108 423 232 243 436 494 203 138 294 402 31 442 66 44 4 48 41 405 106 168 249 226 12 5 309 254 380 141 151 80 93 367 38 277 102 208 321 295 374 96 164 215 404 155 468 386 127 7 33 172 414 373 273 230 145 359 149 124 201 372 458 87 126 27 268 224 452 361 182 457 469 292 437 112 327 237 366 169 363 68 417 144 171 132 479 82 390 25 123 490 456 236 485 342 133 24 255 52 143 314 488 17 285 435 37 344 21 303 329 478 443 147 473 387 439 395 165 179 396 139 304 289 493 495 465 282 213 105 32 491 69 276 170 29 178 250 429 219 352 323 76 90 315 388 477 14 163 449 217 343 238 385 364 408 197 205 389 455 258 242 279 184 199 320 368 150 58 146 322 128 73 261 173 227 180 183 412 350 328 446 330 223 307 13 198 101 326 86 
TEST 10 ARG:79 452 340 492 18 23 170 86 485 131 197 461 467 238 223 327 141 36 7 365 3 423 113 162 110 94 145 296 25 13 331 292 150 161 361 117 410 72 207 263 260 215 293 294 24 370 67 256 111 6 400 175 160 219 487 31 189 276 412 315 121 345 251 348 235 45 39 129 322 172 196 127 204 261 244 358 342 210 372 291 303 188 271 269 108 324 482 116 460 29 417 359 268 387 335 50 445 174 456 220 5 21 495 309 88 65 377 64 459 428 54 350 122 275 34 262 57 133 107 205 382 385 191 142 139 480 55 354 496 69 421 194 26 391 468 63 448 392 317 494 89 308 87 28 307 311 217 266 363 213 458 367 41 236 183 143 357 114 289 199 233 115 316 243 479 250 192 184 76 414 297 19 278 439 399 247 222 360 46 248 470 77 51 368 312 455 185 443 135 152 267 488 302 125 178 74 216 138 147 128 120 259 493 49 411 489 440 105 466 415 434 187 299 330 355 422 132 336 375 353 420 277 164 130 75 171 388 378 101 126 286 454 35 221 318 310 381 374 484 389 158 344 157 124 463 401 242 435 283 398 193 373 396 305 203 11 427 201 136 429 364 328 173 167 228 285 279 166 407 383 177 4 339 321 168 84 240 32 109 288 314 61 341 483 225 47 15 182 478 298 491 404 476 332 490 471 265 16 438 346 474 430 306 442 154 477 52 104 453 78 351 190 93 444 498 447 258 451 245 43 272 22 424 347 106 436 472 42 68 257 433 231 449 33 475 320 95 232 394 91 81 27 376 486 151 169 200 356 155 211 60 83 465 425 146 395 30 338 71 264 326 134 366 406 224 464 179 469 301 165 241 252 186 102 12 397 80 137 97 10 99 270 208 362 0 229 462 239 426 284 249 481 214 409 149 282 181 140 92 53 408 17 163 280 98 70 413 209 96 253 255 349 123 59 198 497 300 82 148 90 119 390 457 419 56 37 329 156 100 227 369 48 380 118 402 313 14 202 343 85 58 159 281 234 416 226 325 144 290 1 334 273 323 418 66 237 246 319 176 499 450 437 431 2 432 295 473 384 62 212 441 287 337 73 274 304 153 103 405 393 403 379 386 38 20 206 352 333 180 230 218 254 9 8 446 371 44 112 195 40 
TEST 11 ARG:258 109 275 327 230 331 87 38 292 147 19 306 115 474 21 373 281 429 29 482 217 253 323 79 303 176 325 297 289 308 285 302 300 499 162 158 294 20 335 35 282 163 491 382 264 220 70 455 118 363 484 139 242 392 122 91 428 293 336 389 408 149 353 196 42 498 418 243 110 173 324 184 318 344 427 426 100 270 438 374 93 179 337 10 364 436 226 432 73 268 287 372 152 276 401 107 493 402 24 145 291 206 398 137 111 128 326 169 56 123 126 12 201 277 189 30 313 84 181 380 37 298 437 49 261 133 153 229 52 461 317 411 178 452 358 252 265 86 288 44 266 132 11 210 65 175 27 129 271 301 367 89 200 283 50 488 472 218 311 76 32 59 174 18 197 105 216 450 410 350 191 417 167 222 332 63 198 250 399 296 208 143 209 469 45 233 330 341 485 83 125 199 34 259 71 430 146 246 171 471 247 407 359 329 170 309 68 96 451 379 381 497 212 473 395 64 78 172 483 31 320 61 338 347 272 53 161 369 85 310 494 444 77 214 40 400 102 354 416 340 439 13 453 235 479 55 204 467 239 385 390 157 26 225 415 154 97 186 251 117 16 274 360 47 361 156 312 413 339 384 280 480 348 148 425 215 352 99 48 305 36 365 72 260 481 449 166 234 448 463 244 254 81 236 211 257 136 393 5 60 366 25 396 104 144 284 232 489 23 185 3 414 74 468 192 224 238 183 342 316 15 263 477 92 286 255 314 75 193 8 262 457 113 321 442 470 375 322 135 435 431 412 423 315 17 409 245 240 190 368 248 447 94 7 356 151 478 394 108 141 496 62 346 495 443 456 103 454 159 142 267 249 349 116 459 256 404 433 475 69 67 458 88 98 405 464 202 419 241 376 357 134 138 343 319 22 333 1 371 177 124 422 278 66 345 273 355 386 476 269 168 420 203 231 95 466 106 0 295 112 370 119 207 391 487 421 165 465 388 446 406 28 41 51 9 424 434 33 54 462 397 4 403 304 114 6 127 237 140 307 195 187 182 46 213 121 120 219 131 383 39 188 445 328 440 160 441 57 14 279 155 101 377 80 221 2 82 490 460 150 43 299 227 290 90 334 387 223 58 486 362 492 228 205 351 164 130 194 180 378 
TEST 12 ARG:5 160 229 147 119 482 278 277 62 258 92 389 115 325 24 241 385 27 499 403 366 335 110 261 457 104 244 46 190 290 321 201 421 2 488 442 299 267 350 163 409 436 425 448 3 32 393 106 212 14 37 447 263 472 35 407 286 396 304 474 56 416 426 423 185 93 337 336 359 17 208 131 42 15 314 206 67 39 184 275 372 7 422 21 191 226 264 6 437 158 288 4 61 222 218 234 107 97 236 413 468 217 381 438 365 243 171 8 86 30 18 449 95 69 122 144 254 68 283 133 444 493 268 439 248 458 232 462 445 460 435 154 362 452 323 406 496 177 411 1 247 87 168 60 240 424 43 132 456 450 76 231 162 331 469 459 146 473 34 276 137 270 51 341 155 148 103 301 98 378 71 305 399 295 170 333 273 127 245 9 161 368 326 74 480 324 307 420 199 384 53 194 116 159 200 165 334 227 57 373 83 349 364 13 225 495 238 96 419 342 75 498 446 279 330 340 375 274 152 180 483 338 124 108 269 16 140 41 66 195 417 387 89 31 453 77 489 215 374 224 70 81 497 28 196 23 427 91 166 214 282 343 187 332 120 440 376 397 400 392 11 45 73 433 466 401 135 431 265 297 153 173 414 118 128 211 48 476 181 102 150 178 63 327 252 235 205 363 418 485 289 230 272 55 481 494 20 367 358 309 157 432 176 0 310 370 291 311 237 451 369 316 90 94 99 402 129 313 486 284 292 130 471 216 49 139 317 259 322 361 287 308 475 156 280 10 58 193 484 113 395 465 339 213 390 50 26 357 346 383 255 203 207 182 315 312 454 126 79 430 36 183 64 143 164 302 251 149 19 33 80 354 410 142 441 239 371 84 65 347 123 188 434 356 303 380 204 404 360 105 377 220 467 72 463 219 117 461 29 101 478 294 198 59 351 25 109 209 202 189 306 487 382 318 355 345 112 179 386 192 121 12 249 88 228 38 78 328 141 257 428 408 490 250 455 125 186 223 492 443 169 479 266 391 138 256 353 221 319 298 271 22 136 344 151 246 233 415 405 174 300 100 320 470 134 412 293 379 398 111 114 260 262 54 388 145 85 253 296 429 47 242 40 329 44 285 197 477 52 352 210 82 175 464 394 167 348 172 491 281 
TEST 13 ARG:38 444 212 329 281 182 62 14 474 63 157 499 254 380 170 483 8 491 336 139 387 179 366 239 66 453 153 108 124 302 109 221 337 396 123 21 278 2 356 415 357 334 346 264 292 146 81 145 193 448 436 401 218 384 258 85 175 492 90 241 107 428 28 53 210 88 249 64 242 156 420 328 236 223 244 184 204 71 200 269 195 151 140 125 393 417 10 339 60 134 462 45 80 347 355 164 132 271 240 18 149 403 7 482 161 398 144 422 142 333 351 439 383 467 385 177 168 23 209 313 83 228 478 485 59 322 169 397 386 430 297 364 49 31 104 106 363 17 114 198 37 359 421 43 99 395 410 382 463 162 291 260 494 409 427 192 432 191 135 284 451 266 307 431 225 392 450 251 232 280 119 176 312 497 102 96 375 265 231 68 487 190 111 73 11 368 433 178 490 273 371 425 377 461 457 426 479 259 74 468 101 475 33 303 199 130 309 252 454 70 245 370 44 318 230 321 194 183 9 274 275 61 408 217 472 89 98 22 155 320 349 208 330 189 484 136 411 174 418 84 100 352 323 493 222 75 338 203 301 24 131 41 5 369 27 235 459 489 118 47 473 215 1 424 267 72 437 358 412 13 262 465 93 213 6 173 470 15 325 442 324 57 159 391 238 419 400 374 443 407 79 243 341 372 117 399 335 150 226 270 187 105 181 56 103 92 224 360 460 367 332 152 390 279 122 287 288 362 50 95 3 116 481 319 290 185 94 256 276 188 365 429 202 495 77 110 257 16 82 296 311 158 36 310 434 196 35 445 268 52 414 163 438 342 440 315 376 39 34 20 246 480 167 345 298 30 237 247 378 138 394 283 277 51 253 361 314 32 435 304 26 42 154 160 165 441 294 186 263 4 458 250 211 306 141 477 405 143 289 180 317 216 446 350 452 464 416 449 214 353 147 316 87 121 299 112 12 447 128 348 229 456 120 466 498 166 293 76 261 381 197 285 272 282 471 126 137 40 67 172 300 295 389 340 171 404 413 327 201 326 48 69 29 133 305 455 113 220 402 207 115 78 388 343 308 97 227 255 206 354 0 127 331 86 234 25 286 19 406 55 58 488 148 129 233 476 344 379 248 46 486 469 219 496 205 54 65 91 373 423 
TEST 14 ARG:299 421 263 366 246 331 114 20 443 125 316 328 144 141 195 110 279 243 155 339 274 67 442 138 15 132 171 120 435 432 353 466 102 58 227 161 433 447 254 17 30 7 140 282 29 372 238 228 424 455 25 145 63 389 9 165 129 480 412 296 349 266 97 354 61 59 350 497 178 211 163 334 386 261 239 428 189 42 449 325 231 197 283 175 203 387 166 318 32 184 347 112 18 70 418 11 362 187 157 326 445 369 390 27 152 28 278 89 385 158 360 133 23 450 317 250 93 294 479 43 205 324 10 88 380 222 344 172 301 397 223 474 154 348 244 287 248 192 491 199 270 146 252 34 493 321 482 149 22 440 156 164 284 57 477 483 351 306 54 139 162 285 327 430 429 6 134 343 72 71 281 422 74 402 406 329 237 124 233 201 304 153 462 487 486 62 262 191 147 277 427 86 259 471 14 408 434 437 292 198 460 229 232 1 315 341 66 236 379 253 204 374 464 50 446 196 55 56 345 170 469 182 319 159 473 100 105 456 225 173 190 414 193 96 213 293 439 307 373 314 463 209 214 13 5 481 255 75 208 49 131 111 31 143 484 269 241 264 73 207 289 492 118 221 108 151 136 216 84 302 99 394 45 181 51 36 183 91 130 94 436 381 355 291 16 459 68 361 77 475 364 268 357 168 305 41 280 53 458 338 275 230 119 123 78 276 383 52 409 376 82 419 188 295 322 121 470 69 65 371 336 179 122 496 247 19 242 95 60 452 98 8 76 177 224 457 468 489 220 395 212 413 35 310 249 267 210 498 113 312 426 169 202 398 226 126 499 135 448 488 365 323 38 400 79 106 234 377 39 92 44 128 340 33 297 335 137 388 186 174 194 81 401 2 417 109 300 0 46 404 378 101 218 4 330 342 410 103 217 286 272 116 396 472 257 352 298 384 467 142 258 167 21 453 415 411 47 403 48 337 115 256 12 391 85 431 235 90 245 3 333 465 313 425 303 367 288 26 80 117 451 375 368 444 407 290 104 273 461 423 24 83 40 260 490 476 311 37 356 320 346 393 454 251 150 420 399 176 219 382 64 107 308 87 200 160 363 370 265 485 416 478 309 185 494 215 271 438 206 358 392 441 180 127 359 405 495 148 240 332 
TEST 15 ARG:272 6 398 68 142 73 440 64 157 61 114 235 108 270 139 214 106 219 292 361 375 201 464 202 225 356 81 404 192 496 295 216 450 30 95 232 163 63 419 442 380 189 351 39 180 279 173 390 150 385 307 26 21 59 233 497 98 495 146 84 43 354 473 66 257 158 472 441 338 427 112 414 76 208 303 346 134 55 330 143 323 355 297 169 256 2 460 284 220 240 480 140 443 291 429 22 19 382 36 470 207 24 113 231 322 486 151 392 89 120 430 138 242 492 188 124 415 166 490 75 51 339 32 4 141 86 37 82 341 62 335 178 458 0 459 350 309 144 439 278 286 406 485 316 248 343 236 57 3 489 91 104 46 358 434 204 199 205 206 283 329 437 287 331 447 87 175 49 394 366 254 386 160 294 379 319 263 117 58 378 194 168 90 280 161 228 245 393 197 451 334 226 110 211 179 453 209 269 35 9 462 196 435 13 230 229 397 262 145 438 301 247 290 94 162 70 250 17 31 221 132 431 255 69 311 42 186 499 324 210 345 344 239 200 463 246 50 302 60 77 154 23 101 306 53 318 466 276 128 387 264 137 433 203 107 71 5 34 29 1 455 275 359 96 376 381 176 125 317 198 300 258 243 238 372 249 400 44 261 111 468 305 78 184 411 265 454 83 118 403 471 369 371 452 241 483 10 244 174 384 357 314 177 363 388 126 16 410 40 412 285 365 413 155 304 251 136 315 273 308 129 422 93 313 348 215 153 407 353 12 432 421 41 352 54 396 191 481 456 266 416 487 469 282 383 327 445 377 333 448 116 25 373 97 268 446 15 171 336 296 11 183 424 99 299 170 328 267 402 293 18 156 389 347 130 181 409 7 165 131 222 212 193 14 408 477 498 260 85 164 234 152 426 449 271 482 213 67 417 461 288 187 436 33 370 418 52 149 399 218 360 367 364 465 321 135 74 479 395 277 105 342 182 102 185 195 252 274 190 100 374 401 167 420 340 332 80 253 127 121 147 493 92 494 428 65 337 467 38 48 259 310 349 425 27 20 28 423 123 491 122 476 484 159 56 368 115 391 109 475 172 103 237 474 72 478 405 444 8 362 47 488 289 119 217 298 223 45 326 320 227 88 325 79 312 457 224 133 281 148 
TEST 16 ARG:172 412 336 29 97 77 334 464 393 142 352 168 183 383 325 248 159 485 246 125 64 438 427 34 8 466 318 370 280 333 298 294 87 89 182 449 259 247 307 273 284 152 197 430 304 432 275 109 63 35 227 200 415 470 214 451 189 4 6 219 147 258 139 205 232 441 53 15 487 132 236 178 355 388 81 123 244 422 129 10 351 452 228 222 233 317 194 472 391 209 417 110 253 16 59 256 188 121 428 404 457 155 481 340 408 192 429 376 285 335 255 216 324 18 149 180 265 326 206 156 7 402 162 128 225 193 416 369 174 68 299 157 239 210 92 57 224 30 171 90 136 176 385 310 418 443 112 356 279 381 379 122 202 327 130 2 28 250 252 480 337 309 37 371 274 425 461 347 476 346 52 465 291 398 204 80 392 477 245 486 75 306 366 215 447 360 31 82 166 70 161 406 373 185 389 55 88 102 475 293 444 150 386 167 151 187 490 343 243 104 240 95 9 42 262 54 380 71 105 276 437 448 305 22 218 410 69 32 420 295 440 278 212 117 426 488 13 400 460 303 301 482 329 413 493 60 323 221 213 0 446 281 119 384 14 164 175 201 496 495 308 11 497 367 73 190 21 403 423 46 138 297 41 439 106 83 26 314 358 62 137 405 411 478 44 473 431 397 469 313 43 315 401 78 238 350 271 113 260 230 483 286 364 184 332 458 365 135 445 463 115 399 195 114 198 58 450 341 234 300 459 67 86 436 94 498 107 330 442 12 407 84 499 39 345 203 96 229 19 348 181 468 25 378 456 146 349 38 144 118 72 51 241 435 27 231 320 374 220 474 79 169 453 140 208 101 207 382 288 48 292 249 93 287 186 339 479 357 36 235 257 99 160 421 49 368 177 322 296 56 268 263 47 264 100 319 344 131 494 143 148 409 270 124 145 311 111 269 126 290 471 116 23 179 261 134 433 33 272 267 282 158 5 491 467 289 173 154 50 316 455 372 363 226 359 133 103 492 387 211 170 342 390 196 237 462 489 1 395 277 153 108 321 65 98 394 354 66 165 20 361 254 61 141 484 85 338 283 396 328 91 120 24 362 312 199 40 434 377 414 266 419 3 223 454 331 191 74 242 45 251 302 217 76 424 17 127 163 375 353 
TEST 17 ARG:210 24 63 357 157 388 301 350 41 261 487 390 379 112 165 169 200 126 463 291 232 385 191 81 67 235 477 445 296 315 229 281 96 195 189 278 273 297 201 491 115 240 314 392 288 299 304 426 152 234 175 494 80 451 221 133 138 18 5 192 29 259 52 313 274 12 182 461 40 14 402 101 113 246 188 400 242 319 209 431 151 480 95 474 344 437 51 211 110 215 97 321 310 375 8 271 378 292 170 262 38 239 61 78 204 178 483 205 72 171 342 363 143 254 408 122 420 213 190 418 462 49 389 490 475 471 247 84 214 366 393 409 90 48 332 87 478 353 432 303 333 129 160 289 386 279 193 382 340 425 327 42 174 139 243 37 298 429 419 123 68 322 4 43 370 168 482 238 269 362 185 348 403 324 276 415 17 7 64 372 91 428 369 153 346 438 263 270 183 6 33 135 411 156 311 416 434 154 172 312 55 230 167 328 453 124 173 355 365 224 57 250 284 249 150 180 265 30 114 436 410 9 116 94 132 225 62 32 105 267 158 285 117 387 318 484 287 228 481 127 335 439 212 25 457 317 86 257 162 423 459 35 102 50 107 121 118 119 449 56 53 75 92 384 320 309 466 19 430 381 79 467 356 396 206 177 34 376 443 27 472 316 497 307 421 282 164 39 452 146 268 412 70 448 21 377 46 283 336 203 184 253 456 60 147 131 198 479 76 77 473 220 422 330 1 306 424 358 341 441 98 260 227 176 45 163 427 73 155 373 447 130 134 486 218 455 13 187 413 196 47 59 26 125 159 465 354 334 83 414 88 280 446 361 433 255 219 36 208 31 399 223 194 442 383 248 74 302 2 71 106 233 111 337 100 295 349 469 360 380 405 266 492 69 277 458 464 10 404 368 65 326 300 82 128 417 136 352 28 199 149 251 398 161 338 148 329 197 290 343 406 331 16 499 493 145 272 488 58 294 241 395 489 339 217 93 391 397 44 258 89 202 275 142 66 498 207 144 11 440 308 179 371 226 3 394 374 216 23 454 485 186 476 99 54 109 450 103 20 293 222 15 141 264 325 468 244 495 323 166 435 231 286 401 256 460 85 252 120 104 444 137 108 345 351 347 245 364 407 359 0 181 470 22 237 140 305 367 236 496 
TEST 18 ARG:425 289 340 205 448 281 356 456 86 82 252 268 179 97 379 265 313 192 336 129 217 144 411 467 25 311 455 59 279 224 489 37 114 32 453 256 17 125 83 452 288 131 493 141 2 220 75 39 71 60 323 312 40 439 479 334 138 64 433 400 421 219 317 368 23 414 88 263 73 91 329 181 300 273 377 99 95 135 89 63 480 258 314 250 264 375 257 208 382 11 283 443 260 94 198 67 398 369 347 335 470 292 275 52 140 308 196 415 159 267 168 238 403 54 164 85 126 92 177 42 280 133 423 48 172 331 70 266 109 318 194 163 321 223 307 53 339 216 186 247 386 108 239 222 390 402 310 272 28 41 22 449 399 34 419 169 187 171 477 409 324 293 51 327 385 372 378 66 374 469 483 1 333 124 57 10 431 8 287 274 341 204 466 65 474 158 322 24 167 407 298 269 166 117 12 488 387 21 468 255 31 189 173 370 180 241 485 55 123 428 357 197 301 450 35 355 497 384 244 234 242 458 282 100 178 380 68 236 463 188 14 462 358 475 277 367 232 278 103 270 211 212 202 87 203 299 155 115 43 359 416 156 499 130 105 84 191 201 491 332 13 176 349 127 397 326 391 389 303 444 101 50 251 162 410 174 405 447 396 151 315 145 346 150 440 200 80 451 366 228 353 362 345 253 121 427 338 15 237 422 344 330 404 459 351 225 147 226 146 361 18 381 229 418 348 376 139 371 149 182 343 47 45 352 218 408 122 157 227 58 436 3 19 56 438 128 160 183 62 98 195 193 473 319 495 119 392 110 360 161 445 365 74 429 190 302 465 460 36 284 434 457 116 441 5 337 221 112 432 261 248 27 165 486 316 476 214 417 102 430 437 309 111 49 295 152 395 199 210 254 406 354 401 464 78 6 461 137 184 364 240 294 213 271 93 373 435 276 245 153 46 38 4 206 69 246 471 20 290 363 134 446 498 494 320 388 33 262 29 104 442 478 143 26 291 233 215 107 132 350 142 90 106 79 325 185 16 113 259 120 243 44 235 296 61 482 454 170 490 394 420 209 304 496 81 0 154 297 96 148 30 393 7 412 492 305 424 487 481 72 413 383 285 76 207 77 249 342 230 118 472 175 9 306 136 231 484 328 286 426 
TEST 19 ARG:59 19 109 432 166 499 168 146 154 352 54 292 7 73 64 13 451 438 443 492 140 458 457 303 446 218 454 313 75 127 224 206 88 83 5 392 3 149 409 479 183 353 10 94 387 330 129 226 86 25 445 245 490 259 284 335 41 213 449 448 268 172 110 354 17 191 97 247 79 478 305 281 220 319 112 473 142 368 464 162 277 324 32 328 102 333 373 38 195 57 78 361 435 273 20 163 241 467 60 320 413 356 494 370 6 441 394 15 311 447 484 72 439 111 200 132 199 429 77 76 427 197 173 415 396 411 271 125 53 254 181 252 293 495 222 367 460 230 138 103 276 366 474 126 99 116 466 398 364 249 210 65 214 267 325 290 379 298 14 275 323 2 63 150 496 101 196 416 257 223 81 482 321 455 231 301 8 209 498 258 114 434 236 42 212 253 120 240 347 296 9 243 246 58 161 115 155 337 480 295 269 266 493 106 412 423 453 45 424 34 465 121 469 227 418 437 285 66 85 201 244 476 69 404 74 96 28 420 468 164 108 332 263 238 11 470 193 388 4 360 384 139 153 395 176 16 262 18 187 52 92 170 497 169 456 430 204 359 122 274 357 403 194 407 459 383 221 128 219 331 136 47 202 198 105 294 346 334 21 261 318 283 342 177 405 307 90 483 377 156 31 91 0 229 385 436 344 251 348 239 80 486 428 433 216 444 211 349 225 123 475 131 440 340 312 232 44 286 147 48 152 491 43 46 282 151 1 399 351 390 299 84 113 188 141 178 345 461 489 336 369 264 471 82 237 148 67 487 358 341 372 329 186 61 380 143 389 95 175 133 397 339 315 56 217 100 171 23 431 374 145 365 174 326 419 279 179 36 215 242 425 382 55 167 107 182 29 300 144 157 51 256 406 184 192 338 485 414 401 160 12 180 289 308 205 442 488 477 233 272 417 350 68 426 481 158 234 228 203 314 248 135 355 302 49 422 165 306 24 37 400 124 118 304 421 393 119 463 309 322 297 378 317 408 316 117 190 27 134 288 89 30 208 381 362 375 402 391 260 472 70 452 270 62 386 310 87 39 327 255 278 287 93 371 159 291 343 280 33 235 363 137 98 450 26 50 71 410 104 250 22 265 185 462 130 189 35 40 207 376 
TEST 21 ARG:90 443 74 464 234 138 229 103 435 467 430 207 41 378 470 457 480 350 122 203 463 409 301 339 114 227 317 239 225 210 353 322 456 260 255 219 414 405 4 359 264 34 113 422 349 42 420 178 100 389 43 279 280 388 295 363 38 237 337 354 431 57 73 294 192 365 379 159 401 151 254 307 393 451 16 284 377 216 149 289 29 119 275 436 273 238 112 445 245 50 380 406 269 8 321 447 258 274 290 91 27 428 246 497 24 143 303 489 194 180 308 367 5 496 182 109 423 397 319 47 259 479 10 136 20 220 32 416 133 266 417 491 460 376 58 134 209 99 271 305 330 450 80 185 222 81 61 174 181 183 371 77 394 115 277 282 135 48 454 205 187 256 89 120 75 2 25 327 21 3 200 64 438 217 190 440 116 484 92 244 426 19 118 130 442 310 179 55 345 299 79 382 357 265 243 461 0 189 206 325 412 102 433 407 387 223 197 198 293 494 162 304 495 351 487 335 316 147 188 17 82 30 193 196 253 469 360 215 23 386 202 208 150 176 483 60 247 28 123 475 323 297 129 465 144 477 429 459 152 191 346 171 366 146 374 104 482 413 248 344 127 9 490 18 204 329 432 6 340 240 105 404 49 312 242 476 466 385 372 311 485 101 128 347 172 33 493 370 145 39 12 36 492 108 226 170 166 453 318 169 137 228 396 478 272 296 107 236 167 403 93 83 165 84 224 499 434 399 334 201 212 452 78 173 233 231 155 177 373 398 361 418 270 298 449 53 391 214 13 439 358 110 40 288 424 292 126 251 392 14 402 468 72 26 88 276 455 164 362 117 87 328 313 281 375 148 315 221 332 62 408 35 195 381 86 52 481 37 448 285 390 94 498 131 488 278 70 250 15 218 364 283 141 400 184 139 153 326 287 341 96 1 286 437 306 232 156 314 427 106 415 76 263 7 186 175 11 211 383 473 44 66 97 410 421 338 444 22 157 419 213 124 395 45 154 267 168 300 68 230 111 98 85 249 46 262 71 411 446 309 199 352 320 333 356 158 336 241 348 161 471 425 63 140 163 56 368 69 51 132 369 472 324 291 65 252 31 95 142 343 125 160 342 458 384 235 54 331 67 261 441 268 355 121 302 486 462 474 257 59 
TEST 23 ARG:110 6 251 485 274 415 26 247 190 474 40 320 109 272 233 435 325 113 176 264 443 403 31 231 391 187 184 301 28 197 304 439 421 10 420 293 454 239 297 171 215 223 270 98 377 69 413 321 137 352 155 498 4 497 363 145 1 481 61 175 381 149 319 299 96 394 284 437 479 339 241 396 118 390 441 226 51 165 237 447 20 298 64 389 326 260 279 211 147 398 154 240 207 24 483 217 72 337 438 35 67 257 152 364 370 148 221 238 283 256 9 140 208 38 430 336 351 465 60 268 132 427 74 219 458 276 452 269 194 87 436 446 80 388 318 185 368 30 123 162 122 203 419 143 462 404 397 273 92 262 189 266 174 91 373 244 86 212 335 417 261 19 71 366 242 355 82 292 50 488 170 2 45 280 468 461 224 459 453 206 14 78 85 255 440 107 348 499 181 196 52 296 393 313 323 41 246 229 449 259 278 357 27 327 144 13 102 467 371 422 49 402 305 359 138 160 66 466 106 220 93 156 367 350 375 476 310 253 294 289 16 63 380 141 166 286 131 146 158 469 429 314 347 227 39 489 433 412 243 470 411 200 416 23 477 126 311 55 15 361 295 344 445 201 114 42 456 179 281 120 464 432 167 56 493 192 277 282 395 125 168 312 342 0 248 471 263 451 169 97 399 47 332 29 222 384 431 309 58 188 463 54 3 345 455 334 346 472 232 448 5 490 191 133 76 354 151 73 410 44 401 340 105 46 115 75 134 117 180 112 387 343 103 89 383 492 135 252 442 407 111 254 414 209 322 218 386 8 183 287 331 250 173 22 423 21 362 338 328 53 164 379 43 473 88 116 150 99 230 65 494 177 128 129 444 34 495 234 400 478 90 303 119 130 418 324 356 475 213 258 18 37 216 157 79 139 372 62 104 316 214 94 235 77 142 17 161 178 329 267 482 406 205 228 48 330 308 450 349 127 12 7 121 285 198 210 392 182 409 302 57 434 378 486 291 358 68 124 195 365 317 108 374 59 496 382 426 300 425 333 101 405 275 428 100 153 457 163 487 245 199 81 484 36 159 25 353 288 193 225 460 249 265 83 202 315 84 424 11 307 136 95 376 408 360 480 306 204 491 369 271 32 172 186 70 236 33 341 290 385 
TEST 24 ARG:22 415 151 349 9 181 469 73 400 345 389 200 128 125 309 416 252 281 390 141 188 209 189 72 274 288 175 404 490 113 120 327 56 451 75 10 231 145 87 74 375 174 235 43 216 212 44 379 82 260 485 16 311 140 164 338 67 161 146 208 223 134 312 203 237 29 496 186 219 233 52 386 336 421 224 57 442 482 481 196 369 337 314 269 11 472 397 478 455 412 498 41 480 487 266 298 394 89 414 13 36 249 193 136 440 166 99 450 457 46 499 350 402 112 211 81 91 318 334 232 227 105 484 149 483 7 305 370 139 179 228 323 116 70 86 104 425 241 381 352 98 154 18 34 277 493 434 399 351 93 23 366 37 182 405 118 184 251 313 367 20 24 273 383 348 178 436 106 157 171 152 117 2 326 156 315 103 462 364 433 207 354 246 169 6 300 130 191 185 289 475 32 302 270 340 55 240 158 65 443 115 25 358 49 373 355 332 69 265 215 324 489 283 90 194 380 392 133 143 263 35 96 217 110 488 254 477 88 197 408 374 395 61 122 453 465 304 148 303 135 17 497 295 68 27 190 226 422 255 331 396 247 126 391 271 430 39 492 307 60 339 83 299 264 460 287 353 296 272 291 142 21 0 236 384 474 297 398 108 463 284 238 441 447 268 333 177 107 119 471 170 342 202 368 45 426 85 102 428 92 279 418 456 26 242 114 97 59 432 15 292 275 150 163 243 476 42 479 290 78 121 256 446 310 225 464 278 132 452 403 28 454 111 423 165 84 79 459 285 319 192 420 466 159 71 167 38 467 198 372 329 30 491 363 8 325 320 234 473 124 229 183 76 168 458 12 356 286 147 204 413 410 407 176 371 424 409 222 250 343 40 382 448 261 3 31 357 218 195 230 155 160 259 244 199 206 221 341 427 435 347 4 293 360 153 494 406 131 417 47 362 1 138 245 449 316 54 187 94 308 301 429 205 253 280 220 262 201 322 401 328 393 95 50 109 239 306 129 419 64 468 127 33 77 58 445 387 377 172 213 388 19 439 276 346 100 53 5 257 376 258 66 48 162 385 335 282 321 330 62 495 210 294 180 359 438 214 80 461 431 470 63 137 51 248 378 437 101 411 486 123 173 317 14 361 144 365 444 267 344 
TEST 25 ARG:368 33 355 90 433 214 164 165 354 401 189 160 481 136 345 59 486 474 365 244 359 339 301 4 233 31 177 69 247 153 453 390 266 270 30 405 454 28 477 451 428 464 488 499 256 465 289 126 18 73 346 46 82 58 378 51 330 100 113 223 35 221 50 39 231 96 268 338 455 258 307 88 241 342 432 305 320 25 288 412 208 290 139 68 416 497 116 1 304 475 84 427 121 243 53 184 230 471 325 387 191 382 12 245 418 445 356 347 306 47 315 439 54 265 286 134 213 115 140 49 400 441 21 20 260 328 371 425 64 63 217 168 485 469 285 302 125 495 163 279 152 397 415 78 276 144 66 60 150 120 280 317 329 327 278 170 14 196 238 36 118 319 70 128 145 462 375 72 225 350 437 185 202 75 13 211 218 367 296 394 9 194 198 479 57 147 282 151 129 404 467 362 423 480 249 11 283 440 449 377 2 312 414 5 395 154 16 74 487 10 422 183 461 396 429 94 179 7 369 463 102 470 372 26 23 215 103 322 292 133 438 182 227 348 392 101 29 313 344 206 262 197 303 204 273 250 229 132 143 341 19 448 3 408 318 167 277 456 321 284 158 419 308 166 105 34 431 38 413 435 240 159 79 127 171 48 156 295 56 242 349 444 287 332 294 106 110 176 162 430 291 235 239 333 314 446 207 201 386 99 86 257 409 104 62 379 298 484 232 267 274 138 297 224 40 272 259 98 407 15 97 443 135 476 122 399 494 203 237 281 459 309 324 380 261 426 188 384 111 391 436 236 251 457 310 142 172 178 169 466 193 352 353 216 434 468 300 27 252 52 109 254 148 490 248 473 149 6 393 373 41 336 205 483 489 107 383 492 43 114 253 112 93 491 85 55 496 299 155 403 8 210 381 89 334 343 442 92 360 44 42 137 212 181 91 364 271 275 450 323 209 337 331 22 406 340 80 17 157 370 77 376 388 219 389 108 452 246 187 76 335 180 83 228 222 363 398 190 424 417 402 65 124 87 263 351 95 358 478 498 255 131 220 458 161 361 32 192 174 81 410 195 482 311 130 234 67 37 385 200 117 146 0 421 411 374 326 264 293 420 71 186 226 45 472 366 199 447 173 175 269 123 24 61 357 460 119 141 493 316 
